135	[-4.80113781  0.63541305  1.01809624  1.01915568 -4.14718533  3.79025431
 -0.42539153 -3.75016273  1.66659709  3.26444394  9.66757405         inf]	189	[-2.90248365 -4.92312933 -4.00477185 -1.07610667 -5.73612354  6.62777029
 -0.59858633  1.13103819  1.00896539  2.54551984  9.64525397         inf]	182	[-4.41259449 -0.90920688  1.66612829  2.10936369 -3.30239178  5.00349377
 -1.47456562 -2.66547959  4.80599182  0.3029178   4.09580701         inf]	
187	[-0.78292185  0.02782428 -2.86099974  4.89215873 -7.14625549  0.29290704
  8.63138064  0.85748423  7.75238852  3.13748709  1.98493529         inf]	7	[ -5.82710713 -12.64783763   3.66835063   1.57995652  -5.81023392
  -7.21999027  -3.16534017  -2.36139608   5.76212099  -5.04858419
   7.43249724          inf]	135	[-4.80113781  0.63541305  1.01809624  1.01915568 -4.14718533  3.79025431
 -0.42539153 -3.75016273  1.66659709  3.26444394  9.66757405         inf]	
25	[-7.52384593 -4.85448299  5.98667961 -0.06427699 -5.35461776 -9.2287798
 -1.37570314 -1.24741562  2.72805999 -4.03611901  7.02236368         inf]	141	[ -4.25399225 -10.08174976   5.93454622   1.027232    -3.94927615
  -5.88877285  -1.28829941  -3.07884775   4.03709889  -5.83969977
   5.68136039          inf]	188	[-6.59049108 -7.12619361  6.31421127  0.70282755 -5.46559407 -7.08009326
 -3.71746406 -2.8227456   4.95272185 -4.68798223  5.98515724         inf]	
39	[-4.7645442  -7.86709028  6.71714282  1.07223265 -4.82201235 -5.77341869
 -2.85769161 -1.56460873  8.12761074 -2.38902621  7.57676036         inf]	49	[ -8.61614205 -12.15998812   4.07437343   2.82240945  -7.05506897
  -5.46359417  -1.83311235  -3.14938778   8.15066389  -2.07276758
   7.05712071          inf]	188	[-6.59049108 -7.12619361  6.31421127  0.70282755 -5.46559407 -7.08009326
 -3.71746406 -2.8227456   4.95272185 -4.68798223  5.98515724         inf]	
60	[-2.56101135 -8.4635178   3.90426722 -3.11995504 -9.09376448 -7.29462614
 -0.75921249 -2.41900507  5.75616058 -3.71727839 10.49927804         inf]	52	[ -9.09027832 -10.12336524   6.15321755   2.59425253  -4.94920009
  -4.10373146  -4.49379073  -6.14429218   9.8775615   -1.97618678
   4.54106373          inf]	39	[-4.7645442  -7.86709028  6.71714282  1.07223265 -4.82201235 -5.77341869
 -2.85769161 -1.56460873  8.12761074 -2.38902621  7.57676036         inf]	
135	[-4.80113781  0.63541305  1.01809624  1.01915568 -4.14718533  3.79025431
 -0.42539153 -3.75016273  1.66659709  3.26444394  9.66757405         inf]	72	[-8.33418952 -8.05638709  5.09947827  1.40940494 -4.29082723 -6.21848968
 -3.29595754  0.42889286  8.86097136 -2.71510403  3.04201195         inf]	44	[ -0.57659357  -5.70035538   5.54002379  -1.19111149  -2.14963941
 -10.34445668  -5.65614844  -2.1474291    0.19637866  -1.75817224
   5.06460549          inf]	
91	[ -2.83169103 -10.594402     5.9231032   -2.61000152  -6.19862859
  -5.73760259  -0.27178433  -0.16323385   5.69610791  -1.18228687
   8.81351363          inf]	94	[-7.1470868  -7.48451721  4.98145606  0.3142266  -4.40352972 -5.99839116
 -4.31272863 -0.65503441  8.63107873 -5.28985447  5.58583667         inf]	44	[ -0.57659357  -5.70035538   5.54002379  -1.19111149  -2.14963941
 -10.34445668  -5.65614844  -2.1474291    0.19637866  -1.75817224
   5.06460549          inf]	
73	[ -5.23239004 -13.26851282   2.86354215   0.55994423  -4.97647894
  -6.71092914  -3.29778103  -1.0701129    9.33616764  -3.89960599
   4.69288597          inf]	105	[ -4.66125709 -16.90801279   3.95064171   1.37103345  -8.70748238
  -1.91448881  -8.06189757  -4.956805    11.90631867  -1.2150121
   2.65630699          inf]	72	[-8.33418952 -8.05638709  5.09947827  1.40940494 -4.29082723 -6.21848968
 -3.29595754  0.42889286  8.86097136 -2.71510403  3.04201195         inf]	
105	[ -4.66125709 -16.90801279   3.95064171   1.37103345  -8.70748238
  -1.91448881  -8.06189757  -4.956805    11.90631867  -1.2150121
   2.65630699          inf]	77	[ -0.76632705  -2.77560417   6.41726676   0.794239    -5.87038416
  -3.73298357 -11.60444883  -4.43795287   0.39521067  -3.06697839
   5.29409796          inf]	125	[ -3.29347514 -16.48252543   4.75780541   0.58218073  -3.24019344
 -10.89196377  -4.93727636  -0.78729769   7.2121984   -4.84250303
   6.02439674          inf]	
135	[ -6.38880922 -16.7659758    7.5007368   -1.5186434   -9.2452499
  -0.32881736  -4.63451501  -4.26072879  12.86086422  -1.95913639
   0.70233774          inf]	143	[-6.07787852 -7.73577303  1.91277882 -2.86934572 -4.31808461 -8.46789158
 -3.22148707 -2.35769373  9.04456184 -3.25580683 -0.18018155         inf]	124	[ -4.75237897 -12.88252648   4.73051212   2.19138211  -4.15980051
  -3.21385243  -4.50538894  -2.06496661  10.18152986  -1.77483644
   2.27583603          inf]	
