155	[-6.96931474 -9.79649957  1.86662705  1.93333972 -0.32088657 -6.41952973
 -2.35066901 -1.86903767 10.49764169 -2.7412986   5.60184922         inf]
132	[  1.95469339  -1.42359078   8.87233836   2.48734518  -3.52579595
  -5.96849422 -12.39378506  -4.04573899  -0.45729061  -4.31773713
   4.16581676          inf]
153	[  4.25584338  -4.20473591   7.5580729    4.07224309  -4.57771394
  -8.24329137 -10.35952308  -6.01001447   0.41545323  -3.37550195
   2.7374433           inf]
134	[ -7.74407584 -18.77069904   3.47309636   1.77888238  -3.78039729
  -1.49491858  -7.41802599  -3.11222906   8.69664472  -4.81900614
   0.96563916          inf]
143	[-6.07787852 -7.73577303  1.91277882 -2.86934572 -4.31808461 -8.46789158
 -3.22148707 -2.35769373  9.04456184 -3.25580683 -0.18018155         inf]
137	[-2.85277155 -6.09224962  6.54979367 -1.1086059  -7.56428675 -3.13037352
 -5.25119803 -1.52722031  9.49630082 -5.3194721   9.05946095         inf]
156	[ -5.15654709  -9.70059128  11.31214036  -5.87409885 -10.0682222
  -5.32249446  -0.47104516   0.90737178   8.07072143  -3.17931619
  10.99137166          inf]
158	[-2.39816968 -4.02716333  8.67796568  1.47277212 -9.28337683 -0.70801787
 -6.77607737 -3.62922957  8.86829815 -7.42354735  8.60158533         inf]
159	[ -6.95213262 -19.48130995   5.74067923   3.70909633  -3.87667961
  -3.62584751  -6.40661463  -5.36769997   9.49519575  -5.32649832
   1.80209349          inf]
39	[-4.7645442  -7.86709028  6.71714282  1.07223265 -4.82201235 -5.77341869
 -2.85769161 -1.56460873  8.12761074 -2.38902621  7.57676036         inf]
147	[ -3.19931314 -13.73924067   5.67033611   3.51426803  -6.85392732
  -5.3940838   -5.12614249  -3.97289697  12.65582832  -2.14470699
   4.82230558          inf]
148	[ -7.36863524  -9.05092648   1.00981698  -5.45809324  -5.69764942
 -11.34179997  -2.9113017   -0.4387102    8.92130185  -1.9312555
  -0.92273147          inf]
72	[-8.33418952 -8.05638709  5.09947827  1.40940494 -4.29082723 -6.21848968
 -3.29595754  0.42889286  8.86097136 -2.71510403  3.04201195         inf]
121	[ -5.08134734 -11.88714423  10.19974483  -4.96428877  -8.70017314
  -3.76631     -1.12844599   3.27793473   7.7536731   -0.86043526
  11.5456664           inf]
135	[ -6.38880922 -16.7659758    7.5007368   -1.5186434   -9.2452499
  -0.32881736  -4.63451501  -4.26072879  12.86086422  -1.95913639
   0.70233774          inf]
152	[-6.06854391 -4.4274835   4.558596   -0.80408283 -0.6607249  -2.97405691
 -3.43386247  3.64032602 11.04366346 -4.72331059  5.55736521         inf]
157	[ -2.83424968 -16.54346906   7.14963529   3.90290241  -8.47162741
  -5.22636318   2.36533532   1.75147505   7.20282541  -8.01561713
   6.10475263          inf]
160	[-9.32479731 -7.74448463  3.8219661   1.86576336 -2.96326173 -4.85954313
 -5.50689974 -1.32181483 10.41517001 -1.06571033  1.64241147         inf]
124	[ -4.75237897 -12.88252648   4.73051212   2.19138211  -4.15980051
  -3.21385243  -4.50538894  -2.06496661  10.18152986  -1.77483644
   2.27583603          inf]
154	[-1.99729503 -7.45139747  7.69459062  0.69946104 -6.56592139 -8.12636147
 -2.03214668 -5.80987686  0.98743396 -4.9439738   7.92135471         inf]
150	[ -4.39042982 -18.51413871   6.95890272  -1.22121106  -1.1194758
  -8.92178251  -6.11813489   0.56084734   4.81465081  -6.99159668
   6.51837953          inf]
161	[ -8.83059743 -11.03887125   2.00444727   3.077753    -6.88288269
  -6.63079338  -4.13549433  -2.65977533  10.84342914  -4.94370151
   0.32826816          inf]
140	[ -6.47924457 -10.2974245    2.9132759    2.17354883  -6.08107731
  -5.28218658  -2.6288064   -2.7358331   12.1147177   -4.29803664
   2.57832687          inf]
125	[ -3.29347514 -16.48252543   4.75780541   0.58218073  -3.24019344
 -10.89196377  -4.93727636  -0.78729769   7.2121984   -4.84250303
   6.02439674          inf]
151	[ -4.85868586 -10.39364235   9.50207647   3.51670204  -4.28206186
  -3.81321496  -3.5670353   -3.47900915   5.99808839  -3.41053045
  10.43577242          inf]
100	[-8.97525348 -8.29636714  4.66292811  0.22556113 -1.87696016 -5.29085696
 -2.33200869 -3.00099446 10.27593986 -4.09174021  7.29949669         inf]
144	[ -2.28949105 -14.71231212   4.45541715   1.12404391  -6.21812941
  -5.83564576  -0.4686715    1.55711822   9.24554095  -6.77660127
   4.23513638          inf]
149	[ -5.19321129 -16.94267464   7.3981431   -3.18752459 -10.54743486
  -1.2162773   -6.11965386  -3.04731135  10.89622932  -1.9948851
   0.70124017          inf]
139	[-8.83896572 -6.69338189  2.12257413  1.41467209 -1.73212471 -3.62512316
 -1.94990495  0.90131803  8.64663875 -4.48429433  4.39152002         inf]
127	[-1.60988459 -4.93732721  5.35900086 -2.09635959 -5.20421506 -7.93146187
 -4.13015472 -3.88931515  0.96687641 -3.53570749  5.80550836         inf]
