array([ -0.99403255, -28.00149821,  37.97525959,  -6.9197625 ,
       -16.63066428,  -8.17460181,  -2.63418722, -29.41853052,
        43.87076219,   4.6322527 ,   6.23818578,          inf]) 456

array([ -0.99403255, -28.00149821,  37.97525959,  -6.9197625 ,
       -16.63066428,  -8.17460181,  -2.63418722, -29.41853052,
        43.87076219,   4.6322527 ,   6.23818578,          inf]) 809

modif winnable pour renvoyer 0 si mgrid !=0

[-36.71103569,  15.75975413,  -9.50580833, -35.94534439,
       -65.36203029,  15.78139015, -13.45761964, -66.92497937,
        10.97783202,  42.55813339, -19.2851716 ,          inf])1154 antimeta ?
